('bench', 'sit_on') ; [-0.664, 0.364] ;  [[1.13, 0.026], [0.026, 0.056]] ;  [0.726, -0.386];  [[0.452, 0.069], [0.069, 0.188]] 
('person', 'hold') ; [0.181, 0.019] ;  [[0.223, 0.034], [0.034, 0.127]] ;  [-0.18, -0.108];  [[0.142, 0.047], [0.047, 0.108]] 
('umbrella', 'carry') ; [-0.305, -0.294] ;  [[0.232, 0.072], [0.072, 0.179]] ;  [0.405, -0.689];  [[0.244, 0.079], [0.079, 0.396]] 
('umbrella', 'stand_under') ; [-0.369, -0.324] ;  [[0.33, 0.155], [0.155, 0.183]] ;  [0.517, -0.859];  [[0.15, 0.102], [0.102, 0.483]] 
('sports ball', 'carry') ; [0.252, 0.23] ;  [[0.159, 0.005], [0.005, 0.042]] ;  [-1.263, -1.96];  [[0.189, 0.11], [0.11, 0.173]] 
('sports ball', 'throw') ; [0.172, -0.15] ;  [[0.916, -0.088], [-0.088, 0.113]] ;  [-1.315, -2.023];  [[0.302, 0.2], [0.2, 0.226]] 
('clock', 'no_interaction') ; [-0.751, -4.526] ;  [[24.274, -2.194], [-2.194, 37.398]] ;  [0.329, -0.042];  [[1.048, 0.922], [0.922, 1.324]] 
('snowboard', 'ride') ; [0.08, 0.694] ;  [[0.397, -0.052], [-0.052, 0.089]] ;  [-0.115, -1.172];  [[0.336, 0.019], [0.019, 0.506]] 
('sports ball', 'hold') ; [0.28, 0.205] ;  [[0.148, -0.015], [-0.015, 0.188]] ;  [-1.277, -1.861];  [[0.321, 0.283], [0.283, 0.468]] 
('bottle', 'drink_with') ; [0.214, 0.21] ;  [[0.119, 0.019], [0.019, 0.041]] ;  [-0.856, -1.179];  [[0.251, 0.169], [0.169, 0.431]] 
('bottle', 'hold') ; [0.311, 0.307] ;  [[0.109, 0.019], [0.019, 0.07]] ;  [-1.225, -1.112];  [[0.492, 0.205], [0.205, 0.392]] 
('car', 'no_interaction') ; [-6.702, 0.023] ;  [[160.43, -2.879], [-2.879, 0.649]] ;  [2.044, 0.861];  [[0.971, 0.828], [0.828, 1.147]] 
('backpack', 'carry') ; [0.113, 0.174] ;  [[0.13, -0.005], [-0.005, 0.022]] ;  [-0.358, -0.758];  [[0.132, 0.056], [0.056, 0.126]] 
('backpack', 'wear') ; [0.131, 0.147] ;  [[0.139, 0.0], [0.0, 0.02]] ;  [-0.378, -0.788];  [[0.14, 0.053], [0.053, 0.166]] 
('kite', 'fly') ; [-0.935, -3.258] ;  [[39.443, 6.627], [6.627, 11.739]] ;  [0.248, -0.295];  [[1.438, 1.022], [1.022, 1.153]] 
('motorcycle', 'race') ; [-0.327, 0.341] ;  [[0.101, 0.005], [0.005, 0.042]] ;  [0.393, 0.018];  [[0.097, 0.009], [0.009, 0.109]] 
('motorcycle', 'sit_on') ; [-0.485, 0.323] ;  [[0.41, 0.008], [0.008, 0.05]] ;  [0.642, -0.05];  [[0.222, 0.007], [0.007, 0.159]] 
('book', 'hold') ; [0.148, 0.308] ;  [[0.238, 0.14], [0.14, 0.351]] ;  [-0.625, -1.068];  [[0.335, 0.201], [0.201, 0.498]] 
('cup', 'carry') ; [0.317, 0.37] ;  [[0.061, 0.006], [0.006, 0.043]] ;  [-1.237, -1.567];  [[0.273, 0.289], [0.289, 0.498]] 
('cup', 'hold') ; [0.298, 0.289] ;  [[0.123, 0.045], [0.045, 0.213]] ;  [-1.094, -1.237];  [[0.521, 0.49], [0.49, 0.672]] 
('wine glass', 'no_interaction') ; [0.254, 0.362] ;  [[3.431, -0.099], [-0.099, 0.42]] ;  [-0.991, -0.399];  [[0.888, 0.784], [0.784, 0.917]] 
('bottle', 'no_interaction') ; [-0.533, 0.15] ;  [[14.229, 2.942], [2.942, 1.188]] ;  [-0.835, -0.622];  [[1.385, 1.031], [1.031, 1.289]] 
('elephant', 'ride') ; [-1.865, 0.653] ;  [[4.627, -0.199], [-0.199, 0.129]] ;  [1.361, 0.735];  [[0.286, 0.064], [0.064, 0.325]] 
('elephant', 'watch') ; [-0.631, -0.57] ;  [[37.388, -2.221], [-2.221, 1.273]] ;  [1.294, 0.579];  [[0.503, 0.326], [0.326, 0.434]] 
('skateboard', 'ride') ; [0.123, 0.804] ;  [[0.15, 0.064], [0.064, 0.088]] ;  [-0.499, -1.382];  [[0.292, 0.0], [0.0, 0.363]] 
('tv', 'watch') ; [-0.66, -0.371] ;  [[6.922, -0.531], [-0.531, 0.394]] ;  [0.156, -0.406];  [[0.346, 0.185], [0.185, 0.207]] 
('frisbee', 'catch') ; [0.343, 0.114] ;  [[0.352, 0.036], [0.036, 0.052]] ;  [-1.153, -2.168];  [[0.196, -0.089], [-0.089, 0.275]] 
('frisbee', 'hold') ; [0.272, 0.267] ;  [[0.122, 0.012], [0.012, 0.091]] ;  [-1.034, -1.699];  [[0.256, 0.114], [0.114, 0.433]] 
('donut', 'eat') ; [0.202, 0.327] ;  [[0.899, 0.327], [0.327, 0.145]] ;  [-1.184, -1.661];  [[0.452, 0.474], [0.474, 0.662]] 
('donut', 'hold') ; [0.25, 0.271] ;  [[0.089, 0.011], [0.011, 0.127]] ;  [-1.0, -1.298];  [[0.796, 0.723], [0.723, 0.869]] 
('motorcycle', 'ride') ; [-0.414, 0.313] ;  [[0.426, 0.051], [0.051, 0.048]] ;  [0.572, -0.013];  [[0.193, 0.015], [0.015, 0.083]] 
('bicycle', 'hold') ; [-0.342, 0.396] ;  [[0.587, 0.02], [0.02, 0.065]] ;  [0.367, -0.287];  [[0.172, 0.008], [0.008, 0.083]] 
('bicycle', 'ride') ; [-0.281, 0.473] ;  [[0.191, 0.017], [0.017, 0.055]] ;  [0.332, -0.274];  [[0.177, 0.019], [0.019, 0.053]] 
('bicycle', 'straddle') ; [-0.249, 0.493] ;  [[0.264, 0.004], [0.004, 0.031]] ;  [0.273, -0.338];  [[0.194, 0.018], [0.018, 0.066]] 
('horse', 'straddle') ; [-0.643, 0.354] ;  [[0.591, 0.02], [0.02, 0.073]] ;  [0.681, 0.222];  [[0.272, 0.031], [0.031, 0.087]] 
('teddy bear', 'no_interaction') ; [-0.212, -0.089] ;  [[3.181, 2.19], [2.19, 5.077]] ;  [-0.367, -0.791];  [[0.311, 0.444], [0.444, 0.994]] 
('keyboard', 'hold') ; [0.219, 0.19] ;  [[0.134, -0.045], [-0.045, 0.095]] ;  [-0.283, -0.653];  [[0.326, 0.087], [0.087, 0.739]] 
('kite', 'pull') ; [0.963, -2.784] ;  [[50.32, -1.255], [-1.255, 11.545]] ;  [0.108, -0.478];  [[1.326, 1.026], [1.026, 1.218]] 
('toilet', 'no_interaction') ; [0.276, -2.161] ;  [[2.361, 1.251], [1.251, 10.849]] ;  [0.229, 0.979];  [[0.244, 0.16], [0.16, 1.02]] 
('truck', 'drive') ; [-4.212, -1.15] ;  [[10.013, 0.437], [0.437, 0.49]] ;  [2.022, 1.592];  [[0.191, 0.126], [0.126, 0.227]] 
('truck', 'ride') ; [-4.299, -1.268] ;  [[18.381, 0.866], [0.866, 1.614]] ;  [2.097, 1.592];  [[0.292, 0.121], [0.121, 0.263]] 
('umbrella', 'hold') ; [-0.251, -0.237] ;  [[0.223, 0.069], [0.069, 0.223]] ;  [0.293, -0.704];  [[0.364, 0.087], [0.087, 0.419]] 
('couch', 'lie_on') ; [-0.278, -0.224] ;  [[0.237, 0.082], [0.082, 0.197]] ;  [0.278, 0.317];  [[0.174, 0.11], [0.11, 0.207]] 
('boat', 'ride') ; [-6.012, -2.163] ;  [[114.529, 20.106], [20.106, 18.799]] ;  [2.039, 0.939];  [[0.945, 0.726], [0.726, 1.213]] 
('boat', 'stand_on') ; [-9.931, -4.262] ;  [[171.719, 39.853], [39.853, 29.475]] ;  [2.572, 1.57];  [[0.737, 0.555], [0.555, 1.099]] 
('airplane', 'fly') ; [-8.271, -2.028] ;  [[39.469, 8.567], [8.567, 7.097]] ;  [2.612, 1.767];  [[0.472, 0.367], [0.367, 0.443]] 
('airplane', 'sit_on') ; [-7.67, -1.728] ;  [[38.618, 2.519], [2.519, 3.935]] ;  [2.55, 1.796];  [[0.623, 0.395], [0.395, 0.439]] 
('person', 'no_interaction') ; [-0.751, -0.286] ;  [[42.964, 15.469], [15.469, 6.714]] ;  [-0.614, -0.44];  [[1.499, 1.173], [1.173, 1.131]] 
('bowl', 'hold') ; [-0.053, 0.271] ;  [[1.244, 0.54], [0.54, 0.381]] ;  [-0.557, -0.886];  [[0.611, 0.539], [0.539, 0.938]] 
('bowl', 'stir') ; [0.067, 0.313] ;  [[0.087, -0.023], [-0.023, 0.616]] ;  [-0.244, -0.556];  [[0.101, -0.075], [-0.075, 0.068]] 
('pizza', 'hold') ; [-0.083, 0.503] ;  [[0.623, -0.017], [-0.017, 0.098]] ;  [-0.366, -1.168];  [[0.604, 0.511], [0.511, 1.077]] 
('chair', 'hold') ; [0.111, 0.222] ;  [[0.122, 0.023], [0.023, 0.086]] ;  [-0.076, -0.357];  [[0.153, 0.048], [0.048, 0.114]] 
('sandwich', 'hold') ; [0.153, 0.257] ;  [[0.433, 0.027], [0.027, 0.133]] ;  [-0.71, -1.103];  [[0.776, 0.572], [0.572, 0.728]] 
('wine glass', 'hold') ; [0.308, 0.027] ;  [[0.092, 0.012], [0.012, 0.55]] ;  [-1.068, -0.653];  [[0.4, 0.374], [0.374, 0.655]] 
('wine glass', 'sip') ; [0.547, 0.333] ;  [[0.085, 0.009], [0.009, 0.001]] ;  [-1.53, -1.375];  [[0.016, 0.098], [0.098, 0.581]] 
('dog', 'train') ; [0.64, 0.454] ;  [[5.852, 0.345], [0.345, 0.02]] ;  [0.275, -0.679];  [[0.005, 0.018], [0.018, 0.057]] 
('dining table', 'sit_at') ; [-1.891, 0.667] ;  [[11.211, -0.446], [-0.446, 0.188]] ;  [1.341, 0.338];  [[0.442, 0.279], [0.279, 0.437]] 
('skateboard', 'flip') ; [0.232, 0.886] ;  [[0.049, -0.003], [-0.003, 0.047]] ;  [-0.641, -0.981];  [[0.199, -0.011], [-0.011, 0.169]] 
('suitcase', 'hold') ; [-0.183, 0.448] ;  [[1.047, 0.215], [0.215, 0.126]] ;  [-0.237, -0.528];  [[0.261, 0.204], [0.204, 0.333]] 
('cake', 'cut') ; [0.026, 0.66] ;  [[0.52, -0.004], [-0.004, 0.063]] ;  [-0.261, -1.097];  [[0.363, 0.125], [0.125, 0.278]] 
('tennis racket', 'carry') ; [0.081, 0.267] ;  [[0.219, 0.021], [0.021, 0.083]] ;  [-0.683, -1.204];  [[0.381, 0.016], [0.016, 0.214]] 
('bicycle', 'sit_on') ; [-0.343, 0.48] ;  [[0.402, 0.013], [0.013, 0.028]] ;  [0.357, -0.296];  [[0.187, 0.013], [0.013, 0.074]] 
('refrigerator', 'hold') ; [-0.424, -0.246] ;  [[0.516, -0.065], [-0.065, 0.067]] ;  [0.443, 0.168];  [[0.083, -0.069], [-0.069, 0.112]] 
('sandwich', 'eat') ; [0.228, 0.421] ;  [[0.118, 0.031], [0.031, 0.049]] ;  [-1.11, -1.538];  [[0.586, 0.397], [0.397, 0.428]] 
('truck', 'direct') ; [1.023, -0.3] ;  [[0.821, -0.351], [-0.351, 0.192]] ;  [0.302, -0.03];  [[2.478, 0.953], [0.953, 0.426]] 
('knife', 'hold') ; [0.24, 0.351] ;  [[0.183, 0.006], [0.006, 0.19]] ;  [-1.095, -1.332];  [[0.65, 0.212], [0.212, 0.804]] 
('snowboard', 'hold') ; [-0.033, 0.445] ;  [[0.138, -0.005], [-0.005, 0.125]] ;  [-0.066, -0.795];  [[0.346, -0.087], [-0.087, 0.395]] 
('banana', 'eat') ; [0.355, 0.39] ;  [[0.095, 0.008], [0.008, 0.017]] ;  [-1.244, -1.28];  [[0.274, 0.106], [0.106, 0.185]] 
('train', 'ride') ; [-6.97, -1.563] ;  [[66.893, 4.399], [4.399, 6.509]] ;  [2.068, 1.195];  [[0.902, 0.639], [0.639, 0.791]] 
('train', 'sit_on') ; [-4.795, -1.947] ;  [[8.765, 2.771], [2.771, 3.937]] ;  [2.138, 1.508];  [[0.445, 0.456], [0.456, 0.596]] 
('kite', 'hold') ; [0.199, -2.231] ;  [[22.723, 2.548], [2.548, 19.838]] ;  [0.63, -0.148];  [[0.847, 0.544], [0.544, 0.784]] 
('skateboard', 'grind') ; [0.176, 0.806] ;  [[0.068, 0.005], [0.005, 0.017]] ;  [-0.635, -1.414];  [[0.188, -0.036], [-0.036, 0.208]] 
('boat', 'sail') ; [-7.129, -7.186] ;  [[46.975, 26.9], [26.9, 27.619]] ;  [2.359, 1.883];  [[0.549, 0.533], [0.533, 1.03]] 
('boat', 'sit_on') ; [-5.009, -1.509] ;  [[38.06, 7.761], [7.761, 11.823]] ;  [1.933, 0.789];  [[0.804, 0.505], [0.505, 0.992]] 
('handbag', 'hold') ; [0.144, 0.309] ;  [[0.132, 0.014], [0.014, 0.041]] ;  [-0.533, -0.983];  [[0.236, 0.272], [0.272, 0.642]] 
('keyboard', 'type_on') ; [-0.234, 0.1] ;  [[0.4, 0.055], [0.055, 0.258]] ;  [0.134, -0.262];  [[0.368, 0.257], [0.257, 0.497]] 
('skis', 'jump') ; [-0.161, 0.475] ;  [[0.119, 0.054], [0.054, 0.111]] ;  [0.205, -0.4];  [[0.222, 0.084], [0.084, 0.472]] 
('skis', 'ride') ; [-0.136, 0.724] ;  [[0.19, -0.009], [-0.009, 0.087]] ;  [0.109, -1.064];  [[0.272, 0.001], [0.001, 0.443]] 
('stop sign', 'hold') ; [-0.059, -0.137] ;  [[0.102, 0.079], [0.079, 0.371]] ;  [-0.199, -0.484];  [[0.36, 0.249], [0.249, 0.625]] 
('stop sign', 'stand_under') ; [0.221, -0.732] ;  [[0.018, 0.06], [0.06, 0.2]] ;  [0.172, -0.32];  [[0.109, -0.124], [-0.124, 0.142]] 
('skateboard', 'stand_on') ; [0.136, 0.819] ;  [[0.084, -0.007], [-0.007, 0.026]] ;  [-0.451, -1.425];  [[0.197, 0.026], [0.026, 0.301]] 
('fire hydrant', 'inspect') ; [0.601, 0.241] ;  [[0.3, -0.018], [-0.018, 0.017]] ;  [-0.625, -0.361];  [[0.309, 0.091], [0.091, 0.028]] 
('train', 'drive') ; [-6.152, -1.454] ;  [[4.111, -0.776], [-0.776, 0.556]] ;  [2.303, 1.612];  [[0.231, -0.097], [-0.097, 0.174]] 
('chair', 'sit_on') ; [-0.03, 0.298] ;  [[0.263, 0.059], [0.059, 0.114]] ;  [-0.101, -0.362];  [[0.33, 0.201], [0.201, 0.283]] 
('bed', 'no_interaction') ; [-1.365, 0.262] ;  [[3.041, -0.037], [-0.037, 0.204]] ;  [0.642, -0.144];  [[0.531, 0.13], [0.13, 0.278]] 
('sports ball', 'dribble') ; [0.485, 0.531] ;  [[0.154, -0.178], [-0.178, 0.206]] ;  [-1.069, -1.719];  [[0.46, -0.231], [-0.231, 0.116]] 
('carrot', 'cut') ; [0.049, 0.516] ;  [[0.315, 0.207], [0.207, 0.236]] ;  [-1.113, -1.654];  [[0.849, 0.714], [0.714, 0.81]] 
('dining table', 'eat_at') ; [-2.113, 0.65] ;  [[8.979, -0.274], [-0.274, 0.285]] ;  [1.361, 0.382];  [[0.431, 0.276], [0.276, 0.393]] 
('bus', 'no_interaction') ; [-7.74, -2.497] ;  [[185.145, 7.376], [7.376, 8.015]] ;  [2.2, 1.015];  [[1.139, 0.991], [0.991, 1.067]] 
('bench', 'lie_on') ; [-0.052, -0.002] ;  [[0.055, 0.036], [0.036, 0.128]] ;  [0.154, 0.306];  [[0.069, 0.062], [0.062, 0.206]] 
('airplane', 'no_interaction') ; [-7.055, -2.707] ;  [[58.091, 1.909], [1.909, 7.22]] ;  [2.185, 0.732];  [[1.255, 0.983], [0.983, 1.136]] 
('cup', 'drink_with') ; [0.324, 0.434] ;  [[0.029, -0.012], [-0.012, 0.037]] ;  [-1.087, -1.246];  [[0.2, 0.201], [0.201, 0.344]] 
('skis', 'stand_on') ; [-0.199, 0.774] ;  [[0.352, -0.03], [-0.03, 0.092]] ;  [0.219, -1.227];  [[0.232, -0.044], [-0.044, 0.433]] 
('dog', 'hold') ; [0.054, 0.147] ;  [[0.314, -0.023], [-0.023, 0.142]] ;  [-0.283, -0.251];  [[0.201, 0.092], [0.092, 0.162]] 
('vase', 'no_interaction') ; [0.277, 0.76] ;  [[1.522, -2.094], [-2.094, 5.232]] ;  [-0.686, -0.67];  [[0.904, 0.828], [0.828, 1.134]] 
('bicycle', 'walk') ; [-0.439, 0.52] ;  [[0.733, 0.016], [0.016, 0.04]] ;  [0.38, -0.311];  [[0.311, -0.011], [-0.011, 0.122]] 
('sandwich', 'cut') ; [0.0, 0.853] ;  [[nan, nan], [nan, nan]] ;  [0.002, -0.441];  [[nan, nan], [nan, nan]] 
('sandwich', 'make') ; [0.067, 0.771] ;  [[0.37, 0.065], [0.065, 0.011]] ;  [-0.199, -0.282];  [[0.488, 0.374], [0.374, 0.286]] 
('person', 'hug') ; [0.114, 0.052] ;  [[0.139, -0.005], [-0.005, 0.055]] ;  [-0.221, -0.097];  [[0.086, 0.02], [0.02, 0.074]] 
('baseball bat', 'hold') ; [0.124, 0.085] ;  [[0.291, -0.011], [-0.011, 0.116]] ;  [-0.764, -1.169];  [[0.523, 0.028], [0.028, 0.431]] 
('remote', 'hold') ; [0.358, 0.3] ;  [[0.112, 0.001], [0.001, 0.136]] ;  [-1.15, -1.388];  [[0.529, 0.398], [0.398, 0.849]] 
('handbag', 'carry') ; [0.215, 0.433] ;  [[0.116, 0.004], [0.004, 0.051]] ;  [-0.674, -0.933];  [[0.175, 0.042], [0.042, 0.146]] 
('skateboard', 'carry') ; [-0.024, 0.437] ;  [[0.417, 0.015], [0.015, 0.096]] ;  [-0.473, -1.002];  [[0.362, 0.054], [0.054, 0.27]] 
('fork', 'hold') ; [0.432, 0.316] ;  [[0.079, -0.006], [-0.006, 0.23]] ;  [-1.275, -1.153];  [[0.623, 0.233], [0.233, 0.587]] 
('spoon', 'hold') ; [0.278, 0.346] ;  [[0.146, 0.011], [0.011, 0.065]] ;  [-1.104, -1.312];  [[0.65, 0.156], [0.156, 0.531]] 
('banana', 'no_interaction') ; [-1.272, 0.855] ;  [[10.436, -0.711], [-0.711, 1.647]] ;  [-0.396, -1.142];  [[1.77, 1.238], [1.238, 1.212]] 
('bus', 'ride') ; [-6.822, -2.564] ;  [[32.682, 4.464], [4.464, 4.519]] ;  [2.446, 1.837];  [[0.433, 0.264], [0.264, 0.384]] 
('bed', 'sit_on') ; [-0.678, 0.294] ;  [[0.496, -0.005], [-0.005, 0.119]] ;  [0.628, -0.143];  [[0.356, 0.19], [0.19, 0.26]] 
('horse', 'ride') ; [-1.067, 0.326] ;  [[6.061, -0.277], [-0.277, 0.055]] ;  [0.849, 0.257];  [[0.312, 0.053], [0.053, 0.121]] 
('horse', 'run') ; [-0.465, 0.232] ;  [[0.717, -0.081], [-0.081, 0.024]] ;  [0.605, 0.37];  [[0.342, 0.05], [0.05, 0.11]] 
('pizza', 'cut') ; [0.29, 0.609] ;  [[0.096, -0.031], [-0.031, 0.129]] ;  [0.034, -0.614];  [[0.403, 0.355], [0.355, 0.616]] 
('bus', 'drive') ; [-3.636, -2.025] ;  [[6.931, 0.152], [0.152, 0.946]] ;  [2.089, 1.614];  [[0.154, 0.009], [0.009, 0.087]] 
('hot dog', 'carry') ; [0.338, 0.346] ;  [[0.124, 0.028], [0.028, 0.24]] ;  [-1.263, -1.649];  [[0.403, 0.436], [0.436, 0.941]] 
('hot dog', 'hold') ; [0.48, 0.358] ;  [[0.132, 0.105], [0.105, 0.406]] ;  [-1.069, -1.582];  [[0.417, 0.431], [0.431, 0.944]] 
('cake', 'blow') ; [0.005, 0.718] ;  [[0.457, 0.017], [0.017, 0.081]] ;  [-0.118, -0.847];  [[0.251, 0.098], [0.098, 0.158]] 
('snowboard', 'jump') ; [-0.056, 0.462] ;  [[0.112, -0.008], [-0.008, 0.185]] ;  [0.067, -0.647];  [[0.192, -0.017], [-0.017, 0.332]] 
('bus', 'exit') ; [-1.963, -0.964] ;  [[3.257, -0.877], [-0.877, 0.559]] ;  [2.066, 0.742];  [[0.121, 0.032], [0.032, 0.072]] 
('baseball glove', 'hold') ; [0.328, 0.244] ;  [[0.181, 0.052], [0.052, 0.302]] ;  [-0.916, -1.427];  [[0.236, 0.176], [0.176, 0.403]] 
('person', 'stab') ; [0.576, 0.24] ;  [[0.018, -0.006], [-0.006, 0.002]] ;  [-0.513, -0.275];  [[0.014, 0.008], [0.008, 0.005]] 
('surfboard', 'carry') ; [-0.572, 0.155] ;  [[0.389, -0.006], [-0.006, 0.037]] ;  [0.703, -0.708];  [[0.295, -0.029], [-0.029, 0.136]] 
('suitcase', 'carry') ; [-0.025, 0.45] ;  [[0.348, 0.067], [0.067, 0.073]] ;  [-0.058, -0.813];  [[0.201, 0.076], [0.076, 0.293]] 
('sports ball', 'hit') ; [0.488, 0.269] ;  [[0.657, 0.087], [0.087, 0.23]] ;  [-1.599, -2.26];  [[0.294, 0.197], [0.197, 0.284]] 
('dog', 'hug') ; [0.153, 0.373] ;  [[0.227, 0.047], [0.047, 0.093]] ;  [-0.297, -0.263];  [[0.136, -0.021], [-0.021, 0.14]] 
('banana', 'hold') ; [0.238, 0.313] ;  [[0.11, 0.037], [0.037, 0.142]] ;  [-1.174, -1.235];  [[0.609, 0.377], [0.377, 0.74]] 
('horse', 'jump') ; [-0.496, 0.208] ;  [[0.198, 0.031], [0.031, 0.166]] ;  [0.617, 0.322];  [[0.187, 0.011], [0.011, 0.14]] 
('scissors', 'cut_with') ; [0.204, 0.404] ;  [[0.184, 0.007], [0.007, 0.049]] ;  [-1.051, -1.445];  [[0.497, 0.29], [0.29, 0.406]] 
('scissors', 'open') ; [0.165, 0.427] ;  [[0.011, -0.006], [-0.006, 0.04]] ;  [-1.301, -1.638];  [[0.373, 0.032], [0.032, 0.081]] 
('cell phone', 'hold') ; [0.368, 0.268] ;  [[0.189, 0.023], [0.023, 0.048]] ;  [-1.726, -1.928];  [[0.412, 0.271], [0.271, 0.479]] 
('cell phone', 'read') ; [0.317, 0.415] ;  [[0.188, -0.035], [-0.035, 0.042]] ;  [-1.939, -2.127];  [[0.241, 0.054], [0.054, 0.346]] 
('laptop', 'read') ; [-0.121, 0.219] ;  [[0.83, 0.179], [0.179, 0.451]] ;  [-0.155, -0.545];  [[0.294, 0.235], [0.235, 0.451]] 
('umbrella', 'no_interaction') ; [-2.094, -1.191] ;  [[8.13, 1.453], [1.453, 2.231]] ;  [0.888, -0.034];  [[0.7, 0.3], [0.3, 0.685]] 
('refrigerator', 'no_interaction') ; [-0.145, -0.391] ;  [[6.48, 1.059], [1.059, 0.269]] ;  [0.267, 0.117];  [[0.293, 0.003], [0.003, 0.051]] 
('scissors', 'no_interaction') ; [0.476, 1.301] ;  [[2.125, 0.285], [0.285, 1.472]] ;  [-0.526, -1.068];  [[1.064, 0.75], [0.75, 2.233]] 
('horse', 'race') ; [-0.591, 0.377] ;  [[0.46, 0.063], [0.063, 0.027]] ;  [0.81, 0.634];  [[0.27, 0.142], [0.142, 0.282]] 
('couch', 'sit_on') ; [-0.718, 0.175] ;  [[2.288, 0.013], [0.013, 0.078]] ;  [0.776, -0.046];  [[0.328, 0.091], [0.091, 0.156]] 
('train', 'no_interaction') ; [-8.175, -1.724] ;  [[100.152, -0.263], [-0.263, 2.51]] ;  [2.325, 1.108];  [[0.808, 0.513], [0.513, 0.584]] 
('motorcycle', 'hold') ; [-0.496, 0.258] ;  [[0.281, 0.006], [0.006, 0.045]] ;  [0.632, -0.019];  [[0.171, 0.01], [0.01, 0.103]] 
('chair', 'lie_on') ; [0.012, 0.14] ;  [[0.03, 0.006], [0.006, 0.008]] ;  [-0.024, 0.025];  [[0.081, 0.024], [0.024, 0.115]] 
('skis', 'wear') ; [-0.137, 0.747] ;  [[0.227, 0.025], [0.025, 0.136]] ;  [0.177, -1.171];  [[0.253, 0.043], [0.043, 0.561]] 
('airplane', 'inspect') ; [-5.815, -2.055] ;  [[28.074, 4.21], [4.21, 2.773]] ;  [2.292, 0.998];  [[0.779, 0.556], [0.556, 0.691]] 
('chair', 'no_interaction') ; [-1.931, 0.485] ;  [[22.08, -0.468], [-0.468, 1.0]] ;  [0.531, -0.001];  [[1.023, 0.665], [0.665, 0.739]] 
('bicycle', 'hop_on') ; [-0.18, 0.416] ;  [[nan, nan], [nan, nan]] ;  [0.146, -0.403];  [[nan, nan], [nan, nan]] 
('donut', 'pick_up') ; [0.629, 0.473] ;  [[0.05, -0.0], [-0.0, 0.081]] ;  [-1.376, -1.739];  [[1.07, 1.228], [1.228, 1.438]] 
('skateboard', 'hold') ; [0.08, 0.463] ;  [[0.195, 0.002], [0.002, 0.179]] ;  [-0.393, -0.681];  [[0.263, 0.023], [0.023, 0.274]] 
('skis', 'hold') ; [0.323, 0.349] ;  [[0.172, -0.036], [-0.036, 0.113]] ;  [-0.304, -0.642];  [[0.541, -0.236], [-0.236, 0.624]] 
('bear', 'feed') ; [0.544, 0.442] ;  [[1.182, 0.132], [0.132, 0.082]] ;  [-0.089, -0.136];  [[0.265, 0.219], [0.219, 0.629]] 
('bear', 'watch') ; [0.285, -0.002] ;  [[7.993, 0.792], [0.792, 1.196]] ;  [0.235, -0.19];  [[0.241, 0.167], [0.167, 0.58]] 
('toothbrush', 'brush_with') ; [0.298, 0.435] ;  [[0.051, -0.003], [-0.003, 0.023]] ;  [-1.34, -1.736];  [[0.479, 0.074], [0.074, 0.388]] 
('bicycle', 'no_interaction') ; [-0.596, 0.98] ;  [[43.377, 1.815], [1.815, 3.474]] ;  [1.095, 0.391];  [[1.166, 0.846], [0.846, 0.861]] 
('truck', 'sit_on') ; [-3.359, -0.394] ;  [[13.166, -0.284], [-0.284, 1.717]] ;  [1.884, 1.262];  [[0.397, 0.343], [0.343, 0.55]] 
('tie', 'wear') ; [0.384, 0.361] ;  [[0.036, 0.0], [0.0, 0.036]] ;  [-1.474, -1.168];  [[0.268, 0.107], [0.107, 0.377]] 
('car', 'drive') ; [-3.812, -0.521] ;  [[6.284, 0.341], [0.341, 0.196]] ;  [1.984, 1.363];  [[0.282, 0.099], [0.099, 0.139]] 
('car', 'ride') ; [-3.789, -0.639] ;  [[6.735, 0.314], [0.314, 0.297]] ;  [2.055, 1.419];  [[0.21, 0.071], [0.071, 0.171]] 
('car', 'wash') ; [-1.842, -0.005] ;  [[4.23, -0.2], [-0.2, 0.093]] ;  [1.231, 0.313];  [[0.417, 0.211], [0.211, 0.333]] 
('knife', 'wield') ; [0.096, 0.396] ;  [[0.535, 0.192], [0.192, 0.158]] ;  [-1.15, -1.475];  [[0.893, 0.295], [0.295, 0.784]] 
('banana', 'buy') ; [-0.013, 0.499] ;  [[1.332, -0.291], [-0.291, 0.065]] ;  [-1.501, -1.836];  [[0.292, 0.36], [0.36, 0.56]] 
('banana', 'pick') ; [0.104, 0.507] ;  [[0.154, 0.056], [0.056, 0.089]] ;  [-0.968, -1.184];  [[1.001, 0.634], [0.634, 0.547]] 
('cow', 'pet') ; [-0.222, 0.202] ;  [[0.411, -0.061], [-0.061, 0.052]] ;  [0.045, -0.483];  [[0.243, 0.133], [0.133, 0.152]] 
('cow', 'feed') ; [-0.608, 0.32] ;  [[0.798, 0.049], [0.049, 0.11]] ;  [0.093, -0.557];  [[0.253, 0.337], [0.337, 0.456]] 
('laptop', 'type_on') ; [0.085, 0.164] ;  [[0.347, 0.07], [0.07, 0.456]] ;  [-0.135, -0.535];  [[0.145, 0.15], [0.15, 0.39]] 
('skateboard', 'jump') ; [0.204, 0.779] ;  [[0.072, -0.003], [-0.003, 0.064]] ;  [-0.625, -1.087];  [[0.222, -0.023], [-0.023, 0.269]] 
('airplane', 'ride') ; [-8.76, -1.788] ;  [[65.421, 6.451], [6.451, 3.663]] ;  [2.489, 1.734];  [[0.91, 0.6], [0.6, 0.551]] 
('cat', 'pet') ; [-0.034, 0.216] ;  [[0.092, -0.021], [-0.021, 0.211]] ;  [0.324, 0.128];  [[0.517, 0.586], [0.586, 0.757]] 
('tennis racket', 'hold') ; [0.195, 0.258] ;  [[0.14, -0.048], [-0.048, 0.08]] ;  [-0.715, -1.046];  [[0.332, 0.047], [0.047, 0.192]] 
('snowboard', 'stand_on') ; [-0.055, 0.675] ;  [[0.143, 0.01], [0.01, 0.088]] ;  [-0.068, -1.085];  [[0.33, 0.044], [0.044, 0.439]] 
('elephant', 'wash') ; [-0.606, -0.404] ;  [[7.436, 0.349], [0.349, 0.377]] ;  [1.342, 0.502];  [[0.554, 0.06], [0.06, 0.166]] 
('airplane', 'board') ; [-8.478, -3.03] ;  [[35.887, 12.113], [12.113, 17.216]] ;  [2.719, 1.391];  [[0.747, 0.618], [0.618, 0.748]] 
('car', 'inspect') ; [-2.591, 0.097] ;  [[6.845, 0.266], [0.266, 0.16]] ;  [1.679, 0.638];  [[0.338, 0.271], [0.271, 0.423]] 
('dog', 'carry') ; [0.062, 0.276] ;  [[0.122, 0.022], [0.022, 0.033]] ;  [-0.261, -0.413];  [[0.139, 0.023], [0.023, 0.107]] 
('carrot', 'hold') ; [0.226, 0.311] ;  [[0.18, 0.095], [0.095, 0.237]] ;  [-1.28, -1.553];  [[0.841, 0.722], [0.722, 0.904]] 
('baseball bat', 'wield') ; [0.035, 0.085] ;  [[2.609, -0.228], [-0.228, 0.076]] ;  [-0.919, -1.37];  [[0.573, 0.019], [0.019, 0.264]] 
('kite', 'carry') ; [-0.675, -0.258] ;  [[2.319, 0.327], [0.327, 0.462]] ;  [0.677, -0.181];  [[0.315, 0.22], [0.22, 0.357]] 
('bird', 'feed') ; [0.117, 0.203] ;  [[0.759, -0.166], [-0.166, 0.343]] ;  [-1.023, -1.302];  [[0.624, 0.536], [0.536, 0.821]] 
('toothbrush', 'hold') ; [0.234, 0.328] ;  [[0.19, 0.017], [0.017, 0.099]] ;  [-1.169, -1.736];  [[0.728, 0.333], [0.333, 0.839]] 
('elephant', 'hold') ; [-0.997, 0.011] ;  [[1.203, -0.229], [-0.229, 0.467]] ;  [0.8, 0.32];  [[0.356, 0.188], [0.188, 0.315]] 
('backpack', 'no_interaction') ; [-0.61, 0.486] ;  [[3.579, 0.047], [0.047, 0.083]] ;  [-0.434, -0.889];  [[0.439, 0.282], [0.282, 0.436]] 
('frisbee', 'block') ; [0.287, 0.358] ;  [[1.294, -0.055], [-0.055, 0.05]] ;  [-1.246, -1.95];  [[0.095, 0.03], [0.03, 0.146]] 
('motorcycle', 'straddle') ; [-0.478, 0.358] ;  [[0.664, 0.021], [0.021, 0.107]] ;  [0.605, 0.039];  [[0.271, 0.036], [0.036, 0.15]] 
('sheep', 'herd') ; [-0.942, 0.809] ;  [[15.818, -0.07], [-0.07, 0.475]] ;  [0.038, -0.989];  [[1.141, 0.523], [0.523, 0.661]] 
('traffic light', 'no_interaction') ; [-0.392, -2.179] ;  [[162.441, 4.382], [4.382, 4.206]] ;  [0.034, 0.022];  [[1.188, 1.281], [1.281, 1.703]] 
('bus', 'sit_on') ; [-8.806, -2.805] ;  [[51.701, 4.156], [4.156, 5.596]] ;  [2.708, 2.004];  [[0.364, 0.231], [0.231, 0.357]] 
('car', 'load') ; [-0.275, 0.07] ;  [[1.208, -0.008], [-0.008, 0.006]] ;  [0.96, -0.09];  [[0.155, -0.031], [-0.031, 0.009]] 
('bus', 'board') ; [-7.171, -1.266] ;  [[67.959, 1.516], [1.516, 1.467]] ;  [2.239, 0.876];  [[0.377, 0.217], [0.217, 0.206]] 
('sports ball', 'kick') ; [0.152, 0.726] ;  [[0.883, -0.049], [-0.049, 0.13]] ;  [-1.262, -1.764];  [[0.171, 0.059], [0.059, 0.062]] 
('fire hydrant', 'no_interaction') ; [1.434, 0.549] ;  [[26.002, 5.606], [5.606, 2.038]] ;  [-0.018, -0.125];  [[1.426, 1.289], [1.289, 1.321]] 
('motorcycle', 'no_interaction') ; [-3.464, 0.127] ;  [[35.931, 1.797], [1.797, 1.061]] ;  [1.75, 0.777];  [[0.861, 0.769], [0.769, 0.951]] 
('suitcase', 'no_interaction') ; [-0.479, 0.01] ;  [[7.511, 0.057], [0.057, 1.101]] ;  [0.164, -0.221];  [[0.75, 0.278], [0.278, 0.643]] 
('surfboard', 'ride') ; [-0.209, 0.739] ;  [[0.477, -0.036], [-0.036, 0.032]] ;  [0.27, -1.045];  [[0.417, -0.019], [-0.019, 0.273]] 
('surfboard', 'stand_on') ; [-0.113, 0.808] ;  [[0.295, 0.008], [0.008, 0.017]] ;  [0.239, -1.192];  [[0.19, -0.024], [-0.024, 0.315]] 
('book', 'read') ; [0.211, 0.424] ;  [[0.119, -0.019], [-0.019, 0.069]] ;  [-0.675, -1.358];  [[0.423, 0.258], [0.258, 0.491]] 
('pizza', 'carry') ; [0.129, 0.459] ;  [[0.409, 0.076], [0.076, 0.123]] ;  [-0.675, -1.614];  [[0.317, 0.366], [0.366, 0.879]] 
('pizza', 'pick_up') ; [0.185, 0.263] ;  [[0.024, -0.001], [-0.001, 0.0]] ;  [-1.552, -1.94];  [[0.006, -0.03], [-0.03, 0.156]] 
('carrot', 'eat') ; [0.339, 0.428] ;  [[0.066, 0.01], [0.01, 0.01]] ;  [-1.485, -2.085];  [[0.568, 0.044], [0.044, 0.24]] 
('laptop', 'hold') ; [-0.029, 0.208] ;  [[0.827, 0.265], [0.265, 0.252]] ;  [-0.282, -0.751];  [[0.254, 0.251], [0.251, 0.474]] 
('carrot', 'carry') ; [0.299, 0.295] ;  [[0.118, 0.037], [0.037, 0.082]] ;  [-1.09, -1.11];  [[0.779, 0.474], [0.474, 0.807]] 
('banana', 'carry') ; [0.34, 0.347] ;  [[0.113, 0.01], [0.01, 0.087]] ;  [-1.058, -1.65];  [[0.591, 0.408], [0.408, 0.61]] 
('snowboard', 'carry') ; [-0.185, 0.311] ;  [[0.291, -0.027], [-0.027, 0.048]] ;  [-0.239, -0.641];  [[0.454, -0.018], [-0.018, 0.115]] 
('car', 'park') ; [-1.616, -0.286] ;  [[2.35, 0.658], [0.658, 0.706]] ;  [1.506, 0.876];  [[0.537, 0.423], [0.423, 0.537]] 
('apple', 'peel') ; [0.403, -0.105] ;  [[0.746, 0.369], [0.369, 0.29]] ;  [-0.513, -0.526];  [[1.292, 1.15], [1.15, 1.314]] 
('airplane', 'direct') ; [-5.459, -1.735] ;  [[33.842, 1.44], [1.44, 1.758]] ;  [2.022, 0.891];  [[0.295, 0.133], [0.133, 0.334]] 
('chair', 'carry') ; [-0.197, -0.283] ;  [[0.336, 0.23], [0.23, 0.492]] ;  [0.353, -0.122];  [[0.392, 0.177], [0.177, 0.237]] 
('kite', 'no_interaction') ; [-3.47, -1.707] ;  [[87.944, -0.394], [-0.394, 6.206]] ;  [0.591, -0.536];  [[1.074, 0.638], [0.638, 1.003]] 
('tennis racket', 'no_interaction') ; [-0.427, -0.504] ;  [[0.272, 0.172], [0.172, 0.713]] ;  [0.41, -0.231];  [[0.316, 0.207], [0.207, 0.172]] 
('horse', 'hold') ; [-0.948, 0.106] ;  [[1.465, 0.133], [0.133, 0.282]] ;  [0.812, 0.268];  [[0.288, 0.072], [0.072, 0.154]] 
('teddy bear', 'hold') ; [0.207, 0.333] ;  [[0.112, -0.001], [-0.001, 0.105]] ;  [-0.513, -0.746];  [[0.217, 0.12], [0.12, 0.258]] 
('bear', 'hunt') ; [-0.599, 0.692] ;  [[0.469, 0.058], [0.058, 0.065]] ;  [0.952, 0.089];  [[0.252, 0.082], [0.082, 0.172]] 
('laptop', 'no_interaction') ; [0.295, 0.356] ;  [[17.383, 1.929], [1.929, 0.474]] ;  [0.531, 0.105];  [[1.965, 1.469], [1.469, 1.328]] 
('bicycle', 'carry') ; [-0.587, 0.103] ;  [[0.172, -0.046], [-0.046, 0.086]] ;  [0.571, -0.057];  [[0.052, -0.023], [-0.023, 0.098]] 
('boat', 'no_interaction') ; [-1.491, -1.615] ;  [[152.497, 9.566], [9.566, 16.643]] ;  [1.206, 0.132];  [[3.882, 2.842], [2.842, 2.597]] 
('cake', 'eat') ; [0.374, 0.518] ;  [[0.149, 0.015], [0.015, 0.059]] ;  [-1.217, -1.712];  [[0.278, 0.209], [0.209, 0.28]] 
('bird', 'chase') ; [2.475, 0.299] ;  [[6.058, 0.196], [0.196, 0.196]] ;  [-0.499, -1.207];  [[0.051, 0.016], [0.016, 0.017]] 
('bird', 'watch') ; [-0.665, 0.226] ;  [[6.254, 0.197], [0.197, 0.817]] ;  [-0.916, -1.442];  [[0.768, 0.693], [0.693, 0.932]] 
('baseball bat', 'swing') ; [0.342, 0.107] ;  [[0.299, -0.007], [-0.007, 0.091]] ;  [-0.951, -1.508];  [[0.517, 0.095], [0.095, 0.202]] 
('giraffe', 'no_interaction') ; [-0.228, -2.0] ;  [[47.508, 19.253], [19.253, 13.892]] ;  [0.482, 0.336];  [[3.015, 2.528], [2.528, 2.598]] 
('boat', 'row') ; [-3.505, -0.351] ;  [[27.644, 5.962], [5.962, 7.931]] ;  [1.672, 0.204];  [[0.82, 0.503], [0.503, 0.896]] 
('boat', 'drive') ; [-3.968, -0.811] ;  [[10.375, 3.658], [3.658, 4.657]] ;  [1.967, 0.881];  [[0.435, 0.296], [0.296, 0.591]] 
('scissors', 'hold') ; [0.25, 0.408] ;  [[0.115, -0.009], [-0.009, 0.057]] ;  [-1.058, -1.33];  [[0.593, 0.358], [0.358, 0.503]] 
('cake', 'carry') ; [0.025, 0.428] ;  [[0.485, 0.015], [0.015, 0.098]] ;  [-0.326, -1.048];  [[0.292, 0.149], [0.149, 0.435]] 
('cake', 'pick_up') ; [0.089, 0.523] ;  [[0.087, 0.016], [0.016, 0.054]] ;  [-0.791, -1.689];  [[0.945, 0.301], [0.301, 0.194]] 
('apple', 'hold') ; [0.329, 0.292] ;  [[0.085, 0.014], [0.014, 0.117]] ;  [-1.311, -1.461];  [[0.427, 0.412], [0.412, 0.705]] 
('cake', 'hold') ; [0.232, 0.464] ;  [[0.177, -0.012], [-0.012, 0.033]] ;  [-0.673, -1.423];  [[0.521, 0.402], [0.402, 0.597]] 
('tie', 'adjust') ; [0.252, 0.295] ;  [[0.054, 0.004], [0.004, 0.042]] ;  [-1.33, -0.798];  [[0.317, 0.229], [0.229, 0.309]] 
('tie', 'hold') ; [0.36, 0.272] ;  [[0.022, 0.005], [0.005, 0.035]] ;  [-1.178, -0.827];  [[0.378, 0.195], [0.195, 0.298]] 
('boat', 'launch') ; [-2.55, -1.082] ;  [[6.351, -1.988], [-1.988, 2.868]] ;  [1.631, 1.085];  [[0.612, 0.318], [0.318, 0.488]] 
('fire hydrant', 'open') ; [0.272, 0.477] ;  [[0.107, 0.002], [0.002, 0.007]] ;  [-0.061, -0.641];  [[0.049, -0.046], [-0.046, 0.056]] 
('clock', 'check') ; [-1.365, -0.095] ;  [[21.518, 3.776], [3.776, 0.83]] ;  [-0.378, -0.994];  [[0.907, 0.473], [0.473, 0.449]] 
('bench', 'no_interaction') ; [-1.824, 0.814] ;  [[168.327, -4.453], [-4.453, 1.661]] ;  [1.224, 0.078];  [[0.932, 0.586], [0.586, 0.762]] 
('boat', 'repair') ; [-0.558, 0.233] ;  [[0.022, -0.079], [-0.079, 0.288]] ;  [1.031, -0.15];  [[0.059, -0.122], [-0.122, 0.25]] 
('hair drier', 'operate') ; [-0.13, 0.251] ;  [[0.285, 0.025], [0.025, 0.04]] ;  [-0.61, -1.163];  [[0.137, 0.087], [0.087, 0.276]] 
('bed', 'lie_on') ; [-0.511, -0.015] ;  [[1.231, 0.274], [0.274, 0.228]] ;  [0.474, 0.279];  [[0.326, 0.235], [0.235, 0.405]] 
('knife', 'cut_with') ; [0.16, 0.504] ;  [[0.168, 0.001], [0.001, 0.066]] ;  [-0.802, -1.27];  [[0.441, 0.188], [0.188, 0.662]] 
('cell phone', 'carry') ; [0.398, 0.229] ;  [[0.061, -0.013], [-0.013, 0.03]] ;  [-1.832, -2.254];  [[0.43, 0.17], [0.17, 0.288]] 
('cell phone', 'text_on') ; [0.433, 0.38] ;  [[0.051, -0.002], [-0.002, 0.031]] ;  [-1.93, -2.338];  [[0.294, 0.103], [0.103, 0.708]] 
('cell phone', 'talk_on') ; [0.372, 0.163] ;  [[0.037, 0.005], [0.005, 0.012]] ;  [-1.872, -2.138];  [[0.396, 0.21], [0.21, 0.362]] 
('tv', 'no_interaction') ; [0.683, -0.273] ;  [[7.347, -2.791], [-2.791, 2.321]] ;  [-0.172, -0.573];  [[0.759, 0.449], [0.449, 0.567]] 
('frisbee', 'no_interaction') ; [0.314, -0.53] ;  [[9.98, 0.151], [0.151, 9.553]] ;  [-0.441, -0.956];  [[1.543, 1.05], [1.05, 2.173]] 
('zebra', 'watch') ; [-0.85, -0.096] ;  [[13.455, -1.232], [-1.232, 0.244]] ;  [0.43, -0.154];  [[1.517, 1.208], [1.208, 1.427]] 
('apple', 'pick') ; [0.503, 0.038] ;  [[0.203, -0.011], [-0.011, 0.015]] ;  [-1.428, -1.803];  [[0.514, 0.674], [0.674, 1.08]] 
('donut', 'no_interaction') ; [-0.353, 0.974] ;  [[5.828, 0.305], [0.305, 0.445]] ;  [-0.209, -1.117];  [[1.479, 1.221], [1.221, 1.468]] 
('mouse', 'control') ; [0.409, 0.372] ;  [[0.232, 0.053], [0.053, 0.115]] ;  [-1.095, -1.099];  [[0.668, 0.407], [0.407, 0.633]] 
('mouse', 'no_interaction') ; [1.681, 0.51] ;  [[3.298, -0.118], [-0.118, 0.139]] ;  [-1.401, -1.843];  [[0.278, 0.256], [0.256, 0.496]] 
('parking meter', 'check') ; [-0.252, -0.122] ;  [[0.352, 0.054], [0.054, 0.383]] ;  [-0.418, 0.145];  [[0.388, 0.255], [0.255, 0.252]] 
('sports ball', 'catch') ; [0.637, 0.147] ;  [[1.174, -0.077], [-0.077, 0.111]] ;  [-1.258, -1.89];  [[0.173, 0.076], [0.076, 0.155]] 
('train', 'board') ; [-3.967, -1.293] ;  [[29.172, 0.662], [0.662, 0.5]] ;  [2.057, 1.053];  [[0.363, 0.247], [0.247, 0.206]] 
('vase', 'hold') ; [0.348, 0.368] ;  [[0.101, 0.013], [0.013, 0.067]] ;  [-0.706, -0.759];  [[0.204, 0.291], [0.291, 0.453]] 
('oven', 'inspect') ; [-0.328, -0.053] ;  [[1.016, -0.083], [-0.083, 0.068]] ;  [0.638, -0.102];  [[0.233, -0.04], [-0.04, 0.27]] 
('oven', 'operate') ; [-3.209, -0.77] ;  [[nan, nan], [nan, nan]] ;  [0.893, -0.677];  [[nan, nan], [nan, nan]] 
('fork', 'lift') ; [0.374, 0.528] ;  [[0.065, -0.041], [-0.041, 0.076]] ;  [-1.177, -1.475];  [[0.558, 0.045], [0.045, 0.494]] 
('sheep', 'hold') ; [-0.009, 0.401] ;  [[0.26, 0.034], [0.034, 0.044]] ;  [0.137, -0.356];  [[0.199, 0.054], [0.054, 0.197]] 
('cow', 'no_interaction') ; [-1.377, 0.011] ;  [[17.645, -1.263], [-1.263, 2.232]] ;  [0.62, 0.114];  [[0.89, 0.793], [0.793, 1.071]] 
('cake', 'light') ; [0.127, -0.007] ;  [[0.128, -0.166], [-0.166, 2.797]] ;  [-0.258, -0.616];  [[0.13, 0.053], [0.053, 0.915]] 
('elephant', 'pet') ; [-0.732, -0.121] ;  [[6.295, -0.239], [-0.239, 0.24]] ;  [0.94, 0.089];  [[0.266, 0.031], [0.031, 0.072]] 
('pizza', 'eat') ; [0.255, 0.343] ;  [[0.074, 0.005], [0.005, 0.072]] ;  [-1.057, -1.683];  [[0.673, 0.556], [0.556, 0.687]] 
('hot dog', 'eat') ; [0.395, 0.444] ;  [[0.087, 0.007], [0.007, 0.046]] ;  [-1.167, -1.738];  [[0.264, 0.228], [0.228, 0.493]] 
('oven', 'no_interaction') ; [-0.731, 0.136] ;  [[10.603, -0.529], [-0.529, 0.429]] ;  [0.164, -0.328];  [[0.961, 0.362], [0.362, 0.327]] 
('bicycle', 'inspect') ; [-0.35, 0.073] ;  [[0.705, -0.013], [-0.013, 0.143]] ;  [0.641, -0.076];  [[0.288, 0.106], [0.106, 0.146]] 
('bicycle', 'repair') ; [-3.087, 0.321] ;  [[53.51, -3.365], [-3.365, 0.232]] ;  [0.812, 0.041];  [[1.073, 0.502], [0.502, 0.343]] 
('umbrella', 'open') ; [-0.492, -0.061] ;  [[1.334, 0.176], [0.176, 0.028]] ;  [-0.134, -1.014];  [[1.026, 0.578], [0.578, 0.881]] 
('giraffe', 'feed') ; [-0.521, -0.345] ;  [[2.749, 0.281], [0.281, 0.433]] ;  [0.434, 0.087];  [[0.281, 0.125], [0.125, 0.247]] 
('person', 'kiss') ; [-0.1, 0.042] ;  [[0.917, -0.049], [-0.049, 0.028]] ;  [0.088, 0.041];  [[0.208, 0.05], [0.05, 0.059]] 
('person', 'lick') ; [0.277, 0.025] ;  [[0.485, -0.05], [-0.05, 0.084]] ;  [0.091, 0.207];  [[0.321, 0.112], [0.112, 0.138]] 
('banana', 'inspect') ; [0.194, 0.274] ;  [[0.216, -0.002], [-0.002, 0.368]] ;  [-0.929, -1.144];  [[0.852, 0.554], [0.554, 1.384]] 
('apple', 'eat') ; [0.328, 0.4] ;  [[0.036, -0.015], [-0.015, 0.029]] ;  [-1.404, -1.791];  [[0.142, 0.119], [0.119, 0.298]] 
('cow', 'milk') ; [0.017, -0.328] ;  [[0.183, -0.01], [-0.01, 0.038]] ;  [0.451, 0.252];  [[0.102, 0.062], [0.062, 0.044]] 
('skis', 'inspect') ; [-0.197, 0.284] ;  [[0.597, -0.323], [-0.323, 1.234]] ;  [0.242, -0.922];  [[0.512, -0.548], [-0.548, 1.076]] 
('hot dog', 'cook') ; [0.514, 0.663] ;  [[1.113, -0.09], [-0.09, 0.096]] ;  [-1.007, -2.042];  [[1.041, 0.538], [0.538, 0.538]] 
('hot dog', 'make') ; [0.161, 0.601] ;  [[2.802, -0.157], [-0.157, 0.03]] ;  [-0.481, -2.022];  [[1.293, 0.731], [0.731, 0.706]] 
('horse', 'hug') ; [-1.142, -0.259] ;  [[3.408, -0.525], [-0.525, 0.29]] ;  [0.678, 0.48];  [[0.468, -0.039], [-0.039, 0.026]] 
('bird', 'hold') ; [-0.074, -0.438] ;  [[0.339, 0.112], [0.112, 0.96]] ;  [-0.285, -0.249];  [[0.54, 0.53], [0.53, 0.984]] 
('car', 'hose') ; [-4.007, 0.03] ;  [[17.651, 0.957], [0.957, 0.075]] ;  [1.497, 0.123];  [[0.286, 0.053], [0.053, 0.088]] 
('surfboard', 'hold') ; [-0.431, 0.101] ;  [[0.803, -0.034], [-0.034, 0.123]] ;  [0.45, -0.425];  [[0.321, -0.133], [-0.133, 0.325]] 
('parking meter', 'no_interaction') ; [-0.145, -0.449] ;  [[18.497, -2.046], [-2.046, 1.221]] ;  [0.344, 0.543];  [[1.416, 0.939], [0.939, 0.865]] 
('fire hydrant', 'paint') ; [0.354, 0.057] ;  [[0.915, 0.084], [0.084, 0.016]] ;  [-0.523, -0.076];  [[0.147, 0.091], [0.091, 0.056]] 
('donut', 'buy') ; [0.12, 0.436] ;  [[nan, nan], [nan, nan]] ;  [-1.344, -1.656];  [[nan, nan], [nan, nan]] 
('sheep', 'feed') ; [-1.079, 0.174] ;  [[4.592, -0.1], [-0.1, 0.299]] ;  [0.434, -0.152];  [[0.465, 0.196], [0.196, 0.241]] 
('cup', 'inspect') ; [0.464, 0.355] ;  [[0.145, 0.114], [0.114, 0.138]] ;  [-1.436, -1.387];  [[0.106, -0.018], [-0.018, 0.255]] 
('person', 'greet') ; [0.677, -0.037] ;  [[0.033, 0.019], [0.019, 0.019]] ;  [0.118, 0.083];  [[0.085, 0.007], [0.007, 0.062]] 
('cake', 'no_interaction') ; [-1.017, 0.466] ;  [[6.0, -0.476], [-0.476, 0.295]] ;  [-0.032, -0.626];  [[1.712, 1.654], [1.654, 1.961]] 
('skis', 'no_interaction') ; [0.467, 0.633] ;  [[0.039, 0.05], [0.05, 0.065]] ;  [-0.588, -1.02];  [[2.281, -0.952], [-0.952, 0.397]] 
('sports ball', 'no_interaction') ; [1.459, -0.282] ;  [[5.336, -2.857], [-2.857, 5.495]] ;  [-1.09, -1.995];  [[1.117, 0.348], [0.348, 0.432]] 
('book', 'open') ; [0.141, 0.412] ;  [[0.19, -0.02], [-0.02, 0.123]] ;  [-0.63, -1.326];  [[0.333, 0.216], [0.216, 0.511]] 
('kite', 'assemble') ; [-1.61, -0.061] ;  [[8.701, 1.707], [1.707, 0.486]] ;  [0.814, 0.096];  [[0.593, 0.426], [0.426, 0.444]] 
('sheep', 'hug') ; [0.341, 0.506] ;  [[0.691, 0.148], [0.148, 0.055]] ;  [0.038, -0.127];  [[0.28, 0.242], [0.242, 0.284]] 
('dog', 'walk') ; [-0.092, 0.521] ;  [[1.011, 0.049], [0.049, 0.062]] ;  [0.007, -0.612];  [[0.318, 0.178], [0.178, 0.351]] 
('truck', 'load') ; [-2.986, -0.108] ;  [[9.219, -0.388], [-0.388, 1.156]] ;  [1.532, 0.688];  [[0.595, 0.374], [0.374, 0.412]] 
('motorcycle', 'jump') ; [-0.376, 0.189] ;  [[0.752, -0.238], [-0.238, 0.328]] ;  [0.595, 0.196];  [[0.173, -0.028], [-0.028, 0.093]] 
('book', 'carry') ; [0.362, 0.37] ;  [[0.139, -0.004], [-0.004, 0.015]] ;  [-0.82, -1.877];  [[0.258, 0.081], [0.081, 0.167]] 
('hair drier', 'hold') ; [0.253, 0.308] ;  [[0.146, 0.051], [0.051, 0.064]] ;  [-0.827, -1.151];  [[0.226, 0.109], [0.109, 0.418]] 
('sports ball', 'block') ; [0.098, 0.143] ;  [[1.044, -0.214], [-0.214, 0.087]] ;  [-0.994, -1.831];  [[0.103, -0.03], [-0.03, 0.091]] 
('giraffe', 'watch') ; [-0.495, -0.49] ;  [[16.202, 1.06], [1.06, 0.772]] ;  [0.839, 0.389];  [[1.105, 0.621], [0.621, 0.663]] 
('frisbee', 'throw') ; [0.277, 0.184] ;  [[1.041, -0.026], [-0.026, 0.08]] ;  [-1.014, -1.991];  [[0.176, 0.024], [0.024, 0.246]] 
('sink', 'no_interaction') ; [-0.022, 0.457] ;  [[0.574, -0.186], [-0.186, 0.21]] ;  [-0.313, -1.144];  [[0.898, 0.306], [0.306, 0.834]] 
('spoon', 'lick') ; [0.28, 0.386] ;  [[0.054, 0.022], [0.022, 0.052]] ;  [-1.279, -1.567];  [[0.378, 0.265], [0.265, 0.597]] 
('horse', 'train') ; [-0.585, 0.333] ;  [[0.301, -0.03], [-0.03, 0.025]] ;  [0.739, 0.086];  [[0.265, -0.035], [-0.035, 0.105]] 
('cup', 'smell') ; [0.802, 0.739] ;  [[0.016, 0.016], [0.016, 0.307]] ;  [-1.471, -1.196];  [[0.107, -0.035], [-0.035, 0.073]] 
('dining table', 'no_interaction') ; [0.06, 0.686] ;  [[20.022, 0.532], [0.532, 0.087]] ;  [1.157, 0.19];  [[1.004, 0.492], [0.492, 0.36]] 
('cow', 'hold') ; [-0.587, 0.152] ;  [[2.385, -0.023], [-0.023, 0.087]] ;  [0.356, -0.264];  [[0.598, 0.199], [0.199, 0.217]] 
('motorcycle', 'turn') ; [-0.154, 0.382] ;  [[0.064, 0.026], [0.026, 0.039]] ;  [0.039, -0.19];  [[0.17, 0.058], [0.058, 0.052]] 
('potted plant', 'hose') ; [0.243, 0.746] ;  [[1.243, -0.549], [-0.549, 0.365]] ;  [-0.009, -0.562];  [[1.601, 0.936], [0.936, 0.862]] 
('wine glass', 'fill') ; [-0.301, 0.676] ;  [[0.267, -0.007], [-0.007, 0.018]] ;  [-1.059, -1.036];  [[0.227, 0.179], [0.179, 1.094]] 
('toilet', 'repair') ; [0.596, 0.304] ;  [[0.062, 0.042], [0.042, 0.167]] ;  [-0.509, -0.475];  [[0.206, 0.072], [0.072, 0.115]] 
('airplane', 'load') ; [-10.807, -3.546] ;  [[70.98, 8.331], [8.331, 4.417]] ;  [2.733, 1.547];  [[0.134, 0.163], [0.163, 0.275]] 
('cat', 'hold') ; [-0.067, 0.134] ;  [[0.279, 0.142], [0.142, 0.278]] ;  [-0.223, -0.36];  [[0.281, 0.193], [0.193, 0.27]] 
('car', 'board') ; [-1.359, -0.068] ;  [[1.554, 0.058], [0.058, 0.135]] ;  [1.605, 0.243];  [[0.245, -0.004], [-0.004, 0.093]] 
('elephant', 'hose') ; [-1.497, -0.376] ;  [[10.838, 0.253], [0.253, 0.006]] ;  [1.126, 0.293];  [[0.108, 0.003], [0.003, 0.0]] 
('person', 'carry') ; [0.084, 0.165] ;  [[0.251, 0.032], [0.032, 0.034]] ;  [-0.369, -0.349];  [[0.278, 0.152], [0.152, 0.255]] 
('book', 'no_interaction') ; [-0.656, 0.349] ;  [[13.747, -0.977], [-0.977, 1.233]] ;  [-0.324, -0.759];  [[1.767, 1.14], [1.14, 2.111]] 
('orange', 'buy') ; [0.75, 0.337] ;  [[nan, nan], [nan, nan]] ;  [-1.859, -2.506];  [[nan, nan], [nan, nan]] 
('orange', 'hold') ; [0.546, 0.293] ;  [[0.127, 0.025], [0.025, 0.005]] ;  [-1.543, -1.5];  [[0.046, 0.192], [0.192, 0.806]] 
('orange', 'inspect') ; [0.829, 0.382] ;  [[nan, nan], [nan, nan]] ;  [-1.405, -1.711];  [[nan, nan], [nan, nan]] 
('cup', 'no_interaction') ; [-0.577, 0.594] ;  [[7.31, 2.482], [2.482, 1.052]] ;  [-0.844, -0.932];  [[1.567, 1.488], [1.488, 1.986]] 
('fork', 'no_interaction') ; [0.924, 0.78] ;  [[0.922, -0.051], [-0.051, 0.312]] ;  [-1.404, -1.586];  [[0.495, 0.14], [0.14, 1.396]] 
('dog', 'no_interaction') ; [-0.65, 0.562] ;  [[6.939, -0.391], [-0.391, 0.606]] ;  [0.472, -0.13];  [[0.42, 0.359], [0.359, 0.523]] 
('backpack', 'inspect') ; [0.135, 0.27] ;  [[0.051, -0.056], [-0.056, 0.269]] ;  [-0.373, -0.555];  [[0.261, 0.226], [0.226, 0.251]] 
('boat', 'exit') ; [-2.569, -0.956] ;  [[3.027, 1.979], [1.979, 2.289]] ;  [1.329, 0.872];  [[0.138, 0.302], [0.302, 0.73]] 
('keyboard', 'carry') ; [0.14, 0.339] ;  [[0.257, -0.037], [-0.037, 0.043]] ;  [0.057, -0.81];  [[0.601, 0.287], [0.287, 0.235]] 
('boat', 'inspect') ; [-4.237, -1.098] ;  [[17.798, 7.044], [7.044, 3.548]] ;  [1.826, 0.933];  [[0.743, 0.466], [0.466, 0.463]] 
('sink', 'wash') ; [-0.783, 0.44] ;  [[nan, nan], [nan, nan]] ;  [0.305, -1.074];  [[nan, nan], [nan, nan]] 
('snowboard', 'wear') ; [-0.016, 0.654] ;  [[0.979, -0.009], [-0.009, 0.15]] ;  [-0.214, -1.05];  [[0.448, -0.086], [-0.086, 0.45]] 
('sheep', 'no_interaction') ; [-2.936, 0.865] ;  [[31.395, 4.74], [4.74, 12.996]] ;  [-0.061, -0.579];  [[2.845, 2.352], [2.352, 2.468]] 
('elephant', 'hug') ; [-0.46, -0.254] ;  [[1.169, -0.675], [-0.675, 0.638]] ;  [0.627, 0.363];  [[0.11, 0.11], [0.11, 0.25]] 
('cow', 'herd') ; [-0.015, 0.299] ;  [[22.431, -0.672], [-0.672, 0.285]] ;  [0.088, -0.5];  [[0.459, 0.346], [0.346, 0.549]] 
('dog', 'pet') ; [-0.062, 0.022] ;  [[0.102, -0.016], [-0.016, 0.457]] ;  [0.039, 0.06];  [[0.13, 0.053], [0.053, 0.289]] 
('dog', 'scratch') ; [-0.037, -0.124] ;  [[0.096, 0.105], [0.105, 1.535]] ;  [0.574, 0.35];  [[0.174, 0.05], [0.05, 0.273]] 
('bicycle', 'jump') ; [-0.178, 0.379] ;  [[0.131, -0.031], [-0.031, 0.068]] ;  [0.231, -0.044];  [[0.17, -0.026], [-0.026, 0.092]] 
('skateboard', 'pick_up') ; [0.322, 0.537] ;  [[0.207, -0.003], [-0.003, 0.003]] ;  [-1.008, -0.834];  [[0.242, -0.011], [-0.011, 0.009]] 
('snowboard', 'grind') ; [0.14, 0.707] ;  [[0.017, -0.02], [-0.02, 0.033]] ;  [-0.036, -1.108];  [[0.051, -0.106], [-0.106, 0.418]] 
('cow', 'walk') ; [-0.757, 0.203] ;  [[15.014, 0.29], [0.29, 0.013]] ;  [0.126, -0.514];  [[0.882, 0.474], [0.474, 0.263]] 
('vase', 'make') ; [0.732, 0.451] ;  [[0.001, -0.004], [-0.004, 0.017]] ;  [-0.602, -1.353];  [[0.038, -0.028], [-0.028, 0.021]] 
('wine glass', 'toast') ; [0.321, -0.367] ;  [[0.131, -0.178], [-0.178, 1.531]] ;  [-0.956, -0.213];  [[0.153, 0.311], [0.311, 0.731]] 
('suitcase', 'drag') ; [0.121, 0.537] ;  [[0.4, -0.014], [-0.014, 0.016]] ;  [-0.15, -0.616];  [[0.102, 0.022], [0.022, 0.034]] 
('remote', 'no_interaction') ; [1.722, 1.238] ;  [[0.006, 0.052], [0.052, 0.484]] ;  [-1.127, -1.476];  [[0.402, 0.452], [0.452, 0.509]] 
('horse', 'groom') ; [-1.32, -0.265] ;  [[5.211, -0.029], [-0.029, 0.091]] ;  [0.803, 0.294];  [[0.496, 0.036], [0.036, 0.05]] 
('microwave', 'no_interaction') ; [-3.13, -0.092] ;  [[45.759, 0.888], [0.888, 0.035]] ;  [-0.127, -1.21];  [[0.873, 0.825], [0.825, 0.877]] 
('person', 'teach') ; [-0.141, 0.226] ;  [[0.922, 0.086], [0.086, 0.085]] ;  [-0.613, -0.43];  [[0.422, 0.264], [0.264, 0.377]] 
('teddy bear', 'carry') ; [0.096, 0.315] ;  [[0.193, 0.023], [0.023, 0.091]] ;  [-0.26, -0.881];  [[0.205, 0.221], [0.221, 0.375]] 
('oven', 'hold') ; [-0.125, 0.069] ;  [[0.87, 0.053], [0.053, 0.011]] ;  [0.433, -0.041];  [[0.13, 0.104], [0.104, 0.219]] 
('horse', 'pet') ; [-0.256, -0.18] ;  [[2.019, -0.061], [-0.061, 0.143]] ;  [0.819, 0.133];  [[0.132, 0.016], [0.016, 0.067]] 
('truck', 'inspect') ; [1.109, -0.219] ;  [[14.917, 0.63], [0.63, 0.037]] ;  [1.077, 0.076];  [[0.561, -0.143], [-0.143, 0.037]] 
('truck', 'wash') ; [-1.58, 0.027] ;  [[12.608, -2.949], [-2.949, 0.696]] ;  [1.003, 0.611];  [[0.362, 0.335], [0.335, 0.368]] 
('couch', 'carry') ; [-3.269, 0.015] ;  [[15.661, -0.458], [-0.458, 0.082]] ;  [1.511, -0.28];  [[0.245, -0.035], [-0.035, 0.277]] 
('donut', 'make') ; [0.133, 0.713] ;  [[1.013, -0.028], [-0.028, 0.048]] ;  [-1.823, -2.601];  [[0.753, 0.356], [0.356, 0.312]] 
('suitcase', 'pack') ; [-0.119, 0.448] ;  [[0.373, 0.065], [0.065, 0.166]] ;  [0.241, -0.47];  [[0.053, 0.045], [0.045, 0.223]] 
('baseball bat', 'carry') ; [0.219, 0.294] ;  [[0.129, 0.018], [0.018, 0.103]] ;  [-0.442, -0.957];  [[0.373, 0.105], [0.105, 0.662]] 
('surfboard', 'no_interaction') ; [-1.615, -0.497] ;  [[26.448, -0.902], [-0.902, 3.347]] ;  [1.238, 0.409];  [[1.551, 1.194], [1.194, 1.807]] 
('broccoli', 'hold') ; [0.421, 0.403] ;  [[0.035, 0.005], [0.005, 0.03]] ;  [-1.348, -1.537];  [[0.375, 0.324], [0.324, 0.503]] 
('keyboard', 'clean') ; [0.079, 0.126] ;  [[0.015, 0.018], [0.018, 0.023]] ;  [0.619, 0.158];  [[0.431, 0.29], [0.29, 0.228]] 
('horse', 'walk') ; [-1.598, 0.088] ;  [[5.052, 0.31], [0.31, 0.14]] ;  [0.685, 0.091];  [[0.909, 0.121], [0.121, 0.066]] 
('cow', 'lasso') ; [-2.032, 0.538] ;  [[5.759, 0.716], [0.716, 0.67]] ;  [0.603, -0.097];  [[0.274, 0.036], [0.036, 0.163]] 
('elephant', 'walk') ; [-0.998, -0.063] ;  [[4.702, 0.296], [0.296, 0.343]] ;  [0.942, 0.441];  [[0.748, 0.184], [0.184, 0.147]] 
('truck', 'no_interaction') ; [3.307, -0.488] ;  [[140.732, 4.733], [4.733, 0.349]] ;  [1.788, 0.276];  [[0.101, -0.102], [-0.102, 0.21]] 
('handbag', 'no_interaction') ; [-0.271, 0.467] ;  [[1.533, 0.326], [0.326, 0.075]] ;  [-0.693, -0.917];  [[0.205, -0.028], [-0.028, 0.166]] 
('surfboard', 'lie_on') ; [0.402, 0.507] ;  [[0.171, 0.003], [0.003, 0.017]] ;  [-0.722, -1.022];  [[0.634, 0.337], [0.337, 0.239]] 
('pizza', 'no_interaction') ; [-0.678, 0.962] ;  [[2.621, 0.322], [0.322, 0.408]] ;  [0.265, -0.305];  [[0.729, 0.338], [0.338, 1.479]] 
('mouse', 'hold') ; [0.271, 0.237] ;  [[0.245, 0.007], [0.007, 0.082]] ;  [-1.102, -1.211];  [[0.434, 0.529], [0.529, 0.886]] 
('apple', 'inspect') ; [0.407, 0.454] ;  [[0.122, -0.05], [-0.05, 0.04]] ;  [-1.347, -1.781];  [[0.017, -0.008], [-0.008, 0.077]] 
('horse', 'feed') ; [-0.084, -0.11] ;  [[1.323, 0.019], [0.019, 0.048]] ;  [0.421, -0.415];  [[0.159, 0.032], [0.032, 0.23]] 
('umbrella', 'set') ; [-0.8, -0.339] ;  [[nan, nan], [nan, nan]] ;  [0.981, -0.795];  [[nan, nan], [nan, nan]] 
('surfboard', 'jump') ; [0.277, 0.54] ;  [[0.75, 0.239], [0.239, 0.076]] ;  [-0.4, -0.282];  [[0.573, 0.399], [0.399, 0.278]] 
('refrigerator', 'open') ; [-1.416, -0.117] ;  [[0.049, -0.029], [-0.029, 0.017]] ;  [1.249, 0.247];  [[0.006, -0.015], [-0.015, 0.035]] 
('bird', 'no_interaction') ; [-2.464, 0.2] ;  [[56.565, 6.182], [6.182, 0.759]] ;  [-1.063, -2.047];  [[3.336, 3.0], [3.0, 2.825]] 
('bird', 'pet') ; [0.111, 0.321] ;  [[nan, nan], [nan, nan]] ;  [-0.389, -0.355];  [[nan, nan], [nan, nan]] 
('baseball glove', 'wear') ; [0.252, 0.318] ;  [[0.119, -0.007], [-0.007, 0.049]] ;  [-1.246, -1.53];  [[0.164, -0.054], [-0.054, 0.105]] 
('bowl', 'no_interaction') ; [0.193, 0.973] ;  [[0.454, -0.592], [-0.592, 0.833]] ;  [-0.193, -0.599];  [[0.227, 0.079], [0.079, 0.238]] 
('stop sign', 'no_interaction') ; [0.281, -1.442] ;  [[6.593, 1.308], [1.308, 1.987]] ;  [-0.003, -0.07];  [[0.978, 0.484], [0.484, 0.923]] 
('sandwich', 'no_interaction') ; [-1.167, 0.571] ;  [[3.836, 0.698], [0.698, 0.139]] ;  [0.681, 0.769];  [[1.243, 0.402], [0.402, 0.687]] 
('bus', 'inspect') ; [-1.427, -1.645] ;  [[0.781, -0.454], [-0.454, 3.036]] ;  [1.578, 0.976];  [[0.127, -0.075], [-0.075, 0.397]] 
('airplane', 'exit') ; [-2.252, -0.558] ;  [[1.717, 1.002], [1.002, 0.584]] ;  [2.098, 1.187];  [[0.88, -0.418], [-0.418, 0.199]] 
('donut', 'carry') ; [-0.009, 0.1] ;  [[0.044, -0.005], [-0.005, 0.097]] ;  [-0.59, -0.896];  [[0.55, 0.394], [0.394, 0.723]] 
('giraffe', 'pet') ; [-0.134, -0.144] ;  [[0.421, 0.012], [0.012, 0.101]] ;  [-0.192, -0.313];  [[0.448, 0.199], [0.199, 0.246]] 
('zebra', 'feed') ; [-0.437, 0.298] ;  [[nan, nan], [nan, nan]] ;  [1.042, -0.358];  [[nan, nan], [nan, nan]] 
('teddy bear', 'hug') ; [-0.081, 0.472] ;  [[0.01, -0.033], [-0.033, 0.17]] ;  [-0.113, -0.438];  [[0.614, 0.38], [0.38, 0.261]] 
('cat', 'no_interaction') ; [0.177, -0.047] ;  [[3.481, 0.637], [0.637, 0.631]] ;  [0.707, 0.032];  [[0.864, 0.812], [0.812, 1.068]] 
('baseball bat', 'break') ; [0.563, 0.052] ;  [[0.461, -0.029], [-0.029, 0.147]] ;  [-0.795, -1.614];  [[0.335, 0.181], [0.181, 0.641]] 
('elephant', 'kiss') ; [-0.836, -0.424] ;  [[nan, nan], [nan, nan]] ;  [0.817, 0.36];  [[nan, nan], [nan, nan]] 
('traffic light', 'stop_at') ; [1.347, -4.013] ;  [[14.717, -15.509], [-15.509, 19.459]] ;  [-0.242, 0.599];  [[0.088, 0.169], [0.169, 0.991]] 
('broccoli', 'eat') ; [0.277, 0.539] ;  [[0.125, -0.006], [-0.006, 0.052]] ;  [-1.469, -1.783];  [[1.451, 0.881], [0.881, 0.604]] 
('sheep', 'walk') ; [-0.822, 0.424] ;  [[4.009, -0.691], [-0.691, 0.156]] ;  [0.164, -0.542];  [[0.769, 0.109], [0.109, 0.106]] 
('keyboard', 'no_interaction') ; [-0.503, 0.555] ;  [[1.302, -0.095], [-0.095, 0.339]] ;  [0.056, -0.542];  [[0.547, 0.394], [0.394, 0.485]] 
('elephant', 'feed') ; [-2.332, -0.735] ;  [[6.554, -0.587], [-0.587, 0.217]] ;  [0.923, 0.592];  [[0.327, -0.046], [-0.046, 0.16]] 
('elephant', 'hop_on') ; [-0.337, -0.095] ;  [[0.274, -0.067], [-0.067, 0.016]] ;  [1.157, 0.275];  [[0.088, 0.036], [0.036, 0.082]] 
('cup', 'pour') ; [0.356, 0.15] ;  [[0.073, 0.002], [0.002, 0.0]] ;  [-0.951, -0.473];  [[0.914, 1.054], [1.054, 1.216]] 
('cup', 'sip') ; [0.404, 0.396] ;  [[0.036, -0.015], [-0.015, 0.073]] ;  [-1.532, -1.506];  [[0.198, 0.32], [0.32, 0.849]] 
('boat', 'board') ; [-9.417, -1.324] ;  [[19.897, 8.471], [8.471, 3.606]] ;  [2.186, 2.0];  [[0.074, 0.193], [0.193, 0.504]] 
('motorcycle', 'push') ; [-0.563, 0.433] ;  [[1.066, 0.405], [0.405, 0.154]] ;  [0.178, 0.298];  [[0.031, -0.136], [-0.136, 0.603]] 
('sheep', 'shear') ; [-0.242, 0.414] ;  [[0.303, 0.024], [0.024, 0.042]] ;  [0.192, -0.387];  [[0.137, 0.022], [0.022, 0.151]] 
('skateboard', 'no_interaction') ; [1.277, 1.796] ;  [[34.28, 14.401], [14.401, 9.639]] ;  [0.189, -0.522];  [[1.34, 0.531], [0.531, 0.927]] 
('oven', 'clean') ; [-0.067, -0.344] ;  [[nan, nan], [nan, nan]] ;  [-0.352, 0.055];  [[nan, nan], [nan, nan]] 
('remote', 'point') ; [0.347, 0.415] ;  [[0.075, 0.015], [0.015, 0.058]] ;  [-2.013, -2.447];  [[0.149, 0.281], [0.281, 1.49]] 
('kite', 'inspect') ; [0.444, -0.094] ;  [[7.766, 0.141], [0.141, 0.567]] ;  [0.631, -0.318];  [[1.019, 0.615], [0.615, 0.615]] 
('cat', 'scratch') ; [-0.231, -0.091] ;  [[0.657, -0.183], [-0.183, 0.051]] ;  [0.873, 0.066];  [[0.174, 0.093], [0.093, 0.05]] 
('cup', 'fill') ; [0.325, 0.627] ;  [[0.263, 0.068], [0.068, 0.036]] ;  [-0.83, -1.18];  [[1.136, 0.998], [0.998, 0.978]] 
('truck', 'repair') ; [-0.078, -0.238] ;  [[0.789, -0.196], [-0.196, 0.129]] ;  [1.07, 0.504];  [[1.446, 0.561], [0.561, 0.271]] 
('fire hydrant', 'hug') ; [-0.323, 0.182] ;  [[nan, nan], [nan, nan]] ;  [-0.306, -0.357];  [[nan, nan], [nan, nan]] 
('bench', 'inspect') ; [-0.226, 0.21] ;  [[0.119, -0.014], [-0.014, 0.046]] ;  [0.386, -0.513];  [[0.026, -0.034], [-0.034, 0.178]] 
('dog', 'hose') ; [0.087, 0.349] ;  [[2.172, 0.732], [0.732, 0.247]] ;  [0.012, -0.144];  [[0.088, 0.063], [0.063, 0.044]] 
('bottle', 'open') ; [3.387, 0.297] ;  [[nan, nan], [nan, nan]] ;  [-0.298, 0.25];  [[nan, nan], [nan, nan]] 
('toilet', 'clean') ; [0.072, 0.349] ;  [[0.57, 0.013], [0.013, 0.0]] ;  [-0.186, -0.317];  [[0.107, 0.067], [0.067, 0.042]] 
('skis', 'adjust') ; [0.924, 0.599] ;  [[nan, nan], [nan, nan]] ;  [-0.535, -1.648];  [[nan, nan], [nan, nan]] 
('bicycle', 'push') ; [0.062, 0.274] ;  [[0.6, -0.211], [-0.211, 0.157]] ;  [-0.264, -0.581];  [[0.419, 0.237], [0.237, 0.161]] 
('carrot', 'no_interaction') ; [0.046, 3.271] ;  [[2.566, -8.42], [-8.42, 30.296]] ;  [0.015, -0.952];  [[1.809, 1.636], [1.636, 1.615]] 
('bird', 'release') ; [2.19, -0.363] ;  [[nan, nan], [nan, nan]] ;  [-0.118, -1.533];  [[nan, nan], [nan, nan]] 
('knife', 'no_interaction') ; [0.038, 0.77] ;  [[0.072, 0.011], [0.011, 0.112]] ;  [-0.943, -1.267];  [[0.117, -0.259], [-0.259, 0.974]] 
('toilet', 'sit_on') ; [0.024, 0.387] ;  [[0.172, -0.034], [-0.034, 0.086]] ;  [-0.414, -0.838];  [[0.252, 0.19], [0.19, 0.36]] 
('traffic light', 'install') ; [-0.713, -0.151] ;  [[2.85, 0.395], [0.395, 0.056]] ;  [-0.085, -0.456];  [[0.057, -0.122], [-0.122, 0.315]] 
('traffic light', 'repair') ; [-3.085, -0.763] ;  [[2.916, 0.584], [0.584, 0.117]] ;  [0.588, 0.562];  [[0.795, 0.898], [0.898, 1.467]] 
('motorcycle', 'inspect') ; [-1.37, 0.159] ;  [[3.355, 0.31], [0.31, 0.143]] ;  [0.769, -0.056];  [[0.154, 0.064], [0.064, 0.074]] 
('hot dog', 'no_interaction') ; [-1.001, 2.382] ;  [[1.616, 1.486], [1.486, 9.587]] ;  [-0.499, -0.544];  [[0.575, 0.5], [0.5, 0.702]] 
('pizza', 'make') ; [0.114, 0.856] ;  [[0.078, 0.043], [0.043, 0.096]] ;  [-0.837, -1.515];  [[1.045, 1.452], [1.452, 2.091]] 
('toothbrush', 'no_interaction') ; [-0.209, 0.308] ;  [[0.1, 0.12], [0.12, 0.144]] ;  [-0.371, -0.654];  [[2.171, 1.519], [1.519, 1.064]] 
('snowboard', 'no_interaction') ; [-0.284, 0.661] ;  [[0.055, 0.112], [0.112, 0.23]] ;  [-0.156, -1.015];  [[0.085, -0.25], [-0.25, 0.737]] 
('laptop', 'open') ; [-0.303, -0.018] ;  [[0.482, -0.043], [-0.043, 0.156]] ;  [-0.25, -0.665];  [[0.283, 0.304], [0.304, 0.566]] 
('train', 'exit') ; [0.375, -0.738] ;  [[nan, nan], [nan, nan]] ;  [1.788, 0.635];  [[nan, nan], [nan, nan]] 
('pizza', 'cook') ; [-0.762, 0.473] ;  [[0.491, 0.069], [0.069, 0.035]] ;  [-0.464, -1.465];  [[0.232, 0.096], [0.096, 0.089]] 
('toilet', 'flush') ; [-0.202, 0.137] ;  [[nan, nan], [nan, nan]] ;  [0.29, -0.156];  [[nan, nan], [nan, nan]] 
('backpack', 'hold') ; [0.183, 0.204] ;  [[0.264, -0.008], [-0.008, 0.0]] ;  [-0.152, -0.453];  [[0.062, -0.005], [-0.005, 0.062]] 
('motorcycle', 'park') ; [0.526, 0.27] ;  [[0.132, -0.047], [-0.047, 0.017]] ;  [0.559, -0.205];  [[0.192, -0.01], [-0.01, 0.0]] 
('surfboard', 'inspect') ; [-0.237, 0.377] ;  [[0.123, -0.02], [-0.02, 0.003]] ;  [0.425, -1.186];  [[0.017, -0.119], [-0.119, 0.85]] 
('sheep', 'carry') ; [0.126, 0.263] ;  [[0.131, 0.038], [0.038, 0.031]] ;  [-0.14, -0.664];  [[0.2, 0.133], [0.133, 0.102]] 
('knife', 'lick') ; [0.082, 0.449] ;  [[nan, nan], [nan, nan]] ;  [-0.47, -0.944];  [[nan, nan], [nan, nan]] 
('parking meter', 'pay') ; [-0.265, -0.17] ;  [[nan, nan], [nan, nan]] ;  [-0.045, 0.122];  [[nan, nan], [nan, nan]] 
('broccoli', 'no_interaction') ; [0.733, 1.009] ;  [[0.609, -0.347], [-0.347, 0.452]] ;  [-0.364, -1.354];  [[0.856, 0.728], [0.728, 1.053]] 
('bottle', 'carry') ; [0.468, 0.301] ;  [[0.079, 0.014], [0.014, 0.053]] ;  [-1.405, -1.227];  [[0.137, 0.097], [0.097, 0.279]] 
('dog', 'kiss') ; [0.255, 0.101] ;  [[0.217, 0.067], [0.067, 0.031]] ;  [0.273, -0.158];  [[0.23, 0.067], [0.067, 0.041]] 
('zebra', 'hold') ; [0.052, 0.502] ;  [[nan, nan], [nan, nan]] ;  [0.825, -0.175];  [[nan, nan], [nan, nan]] 
('tie', 'tie') ; [0.046, 0.281] ;  [[0.301, -0.049], [-0.049, 0.008]] ;  [-1.446, -0.703];  [[0.527, -0.238], [-0.238, 0.107]] 
('kite', 'launch') ; [4.924, -0.208] ;  [[17.938, -0.858], [-0.858, 0.067]] ;  [0.236, -1.079];  [[0.094, -0.162], [-0.162, 0.285]] 
('knife', 'stick') ; [0.131, 0.59] ;  [[0.072, -0.019], [-0.019, 0.018]] ;  [-0.947, -1.574];  [[0.398, -0.237], [-0.237, 0.475]] 
('skis', 'carry') ; [-0.309, -0.06] ;  [[0.486, 0.009], [0.009, 0.201]] ;  [-0.209, -0.246];  [[1.02, -0.351], [-0.351, 0.39]] 
('apple', 'wash') ; [-0.275, 0.471] ;  [[nan, nan], [nan, nan]] ;  [-1.915, -2.555];  [[nan, nan], [nan, nan]] 
('sandwich', 'carry') ; [0.221, 0.275] ;  [[0.012, -0.043], [-0.043, 0.157]] ;  [-0.797, -2.25];  [[0.005, -0.077], [-0.077, 1.122]] 
('sheep', 'pet') ; [0.466, 0.347] ;  [[0.113, -0.01], [-0.01, 0.05]] ;  [0.229, -0.679];  [[0.31, 0.064], [0.064, 0.258]] 
('bicycle', 'park') ; [0.027, 0.335] ;  [[0.092, -0.094], [-0.094, 0.096]] ;  [0.537, -0.318];  [[0.06, 0.017], [0.017, 0.005]] 
('bottle', 'pour') ; [-0.469, 0.626] ;  [[0.009, -0.01], [-0.01, 0.012]] ;  [-0.528, -1.379];  [[0.024, -0.042], [-0.042, 0.071]] 
('cow', 'hug') ; [0.095, 0.484] ;  [[0.018, -0.013], [-0.013, 0.009]] ;  [-0.245, -0.163];  [[0.007, -0.044], [-0.044, 0.284]] 
('microwave', 'operate') ; [-0.14, 0.605] ;  [[nan, nan], [nan, nan]] ;  [-0.004, -0.682];  [[nan, nan], [nan, nan]] 
('spoon', 'no_interaction') ; [-1.326, -2.065] ;  [[2.445, 7.387], [7.387, 26.178]] ;  [-0.202, -1.027];  [[0.5, 1.2], [1.2, 4.326]] 
('clock', 'hold') ; [0.164, 0.23] ;  [[0.244, -0.037], [-0.037, 0.067]] ;  [-0.189, -0.864];  [[0.173, 0.054], [0.054, 0.239]] 
('sports ball', 'serve') ; [0.612, 0.15] ;  [[0.26, 0.088], [0.088, 0.328]] ;  [-1.772, -2.106];  [[0.273, 0.046], [0.046, 0.44]] 
('cat', 'hug') ; [0.173, 0.227] ;  [[0.054, -0.014], [-0.014, 0.004]] ;  [-0.35, -0.32];  [[0.115, -0.001], [-0.001, 0.0]] 
('horse', 'kiss') ; [-1.065, -0.222] ;  [[nan, nan], [nan, nan]] ;  [0.374, 0.2];  [[nan, nan], [nan, nan]] 
('couch', 'no_interaction') ; [1.493, 0.634] ;  [[9.076, -0.379], [-0.379, 0.056]] ;  [0.697, 0.075];  [[0.901, 0.425], [0.425, 0.643]] 
('tennis racket', 'swing') ; [0.144, 0.103] ;  [[0.079, 0.038], [0.038, 0.049]] ;  [-0.51, -1.074];  [[0.383, -0.078], [-0.078, 0.307]] 
('dog', 'wash') ; [-0.68, 0.383] ;  [[0.359, -0.115], [-0.115, 0.18]] ;  [0.373, 0.289];  [[0.169, 0.147], [0.147, 0.349]] 
('bus', 'load') ; [-6.559, -1.147] ;  [[46.743, 7.497], [7.497, 1.278]] ;  [2.021, 0.724];  [[0.843, 0.564], [0.564, 0.399]] 
('horse', 'no_interaction') ; [-0.068, 0.237] ;  [[22.917, -0.583], [-0.583, 0.12]] ;  [0.999, 0.138];  [[0.924, 0.162], [0.162, 0.122]] 
('suitcase', 'load') ; [0.432, 0.29] ;  [[0.045, -0.084], [-0.084, 0.155]] ;  [-0.865, -1.511];  [[0.301, 0.213], [0.213, 0.15]] 
('apple', 'cut') ; [0.165, 0.186] ;  [[0.258, 0.14], [0.14, 0.209]] ;  [-0.757, -0.957];  [[0.293, 0.296], [0.296, 0.693]] 
('oven', 'repair') ; [-0.67, 0.081] ;  [[3.434, -0.198], [-0.198, 0.011]] ;  [0.018, -0.719];  [[1.16, -0.541], [-0.541, 0.253]] 
('horse', 'wash') ; [-0.838, -0.709] ;  [[2.48, -0.716], [-0.716, 0.207]] ;  [1.127, 1.269];  [[1.025, 0.829], [0.829, 0.67]] 
('orange', 'eat') ; [0.327, 0.521] ;  [[nan, nan], [nan, nan]] ;  [-0.984, -1.299];  [[nan, nan], [nan, nan]] 
('tv', 'control') ; [0.857, -0.269] ;  [[1.332, 0.413], [0.413, 0.361]] ;  [-0.374, -0.212];  [[0.775, -0.287], [-0.287, 0.658]] 
('dining table', 'clean') ; [-0.148, 0.581] ;  [[0.129, -0.101], [-0.101, 0.08]] ;  [1.198, -0.737];  [[1.224, 0.425], [0.425, 0.148]] 
('bus', 'wash') ; [0.531, -1.509] ;  [[nan, nan], [nan, nan]] ;  [0.071, 1.014];  [[nan, nan], [nan, nan]] 
('apple', 'buy') ; [0.056, 0.849] ;  [[nan, nan], [nan, nan]] ;  [-1.478, -2.066];  [[nan, nan], [nan, nan]] 
('sports ball', 'inspect') ; [0.087, 0.346] ;  [[nan, nan], [nan, nan]] ;  [-1.821, -2.599];  [[nan, nan], [nan, nan]] 
('carrot', 'peel') ; [0.165, 0.566] ;  [[0.031, 0.044], [0.044, 0.06]] ;  [-1.643, -2.564];  [[0.04, -0.108], [-0.108, 0.29]] 
('bus', 'direct') ; [1.205, -0.726] ;  [[nan, nan], [nan, nan]] ;  [0.755, 0.53];  [[nan, nan], [nan, nan]] 
('motorcycle', 'hop_on') ; [0.062, 0.242] ;  [[0.021, -0.0], [-0.0, 0.002]] ;  [0.114, -0.01];  [[0.007, -0.015], [-0.015, 0.041]] 
('sink', 'repair') ; [-0.227, -0.093] ;  [[0.288, 0.107], [0.107, 0.217]] ;  [-0.276, -0.896];  [[0.048, 0.042], [0.042, 0.084]] 
('motorcycle', 'walk') ; [-0.338, 0.305] ;  [[nan, nan], [nan, nan]] ;  [0.167, -0.142];  [[nan, nan], [nan, nan]] 
('suitcase', 'pick_up') ; [-0.178, 0.121] ;  [[0.083, -0.14], [-0.14, 0.248]] ;  [0.065, -0.817];  [[0.096, -0.059], [-0.059, 0.042]] 
('spoon', 'sip') ; [0.22, 0.454] ;  [[0.03, 0.02], [0.02, 0.014]] ;  [-0.919, -1.964];  [[0.021, 0.028], [0.028, 0.647]] 
('fork', 'stick') ; [0.701, 0.471] ;  [[0.077, -0.013], [-0.013, 0.002]] ;  [-1.872, -1.167];  [[1.424, 0.398], [0.398, 0.111]] 
('baseball bat', 'no_interaction') ; [1.095, 0.854] ;  [[nan, nan], [nan, nan]] ;  [0.552, -0.276];  [[nan, nan], [nan, nan]] 
('bottle', 'lick') ; [0.411, 0.251] ;  [[nan, nan], [nan, nan]] ;  [-0.818, -1.62];  [[nan, nan], [nan, nan]] 
('potted plant', 'no_interaction') ; [0.74, 0.446] ;  [[5.152, -0.191], [-0.191, 0.242]] ;  [-0.922, -0.909];  [[0.829, 0.358], [0.358, 0.228]] 
('dog', 'run') ; [-0.617, 0.672] ;  [[nan, nan], [nan, nan]] ;  [0.355, -0.698];  [[nan, nan], [nan, nan]] 
('boat', 'tie') ; [2.678, -0.611] ;  [[nan, nan], [nan, nan]] ;  [-0.729, 0.73];  [[nan, nan], [nan, nan]] 
('banana', 'peel') ; [0.629, -0.358] ;  [[nan, nan], [nan, nan]] ;  [-0.752, -0.02];  [[nan, nan], [nan, nan]] 
('apple', 'no_interaction') ; [1.016, 0.59] ;  [[nan, nan], [nan, nan]] ;  [-2.299, -2.577];  [[nan, nan], [nan, nan]] 
('cat', 'feed') ; [0.508, -0.515] ;  [[nan, nan], [nan, nan]] ;  [-0.516, 0.401];  [[nan, nan], [nan, nan]] 
('bear', 'no_interaction') ; [-1.18, 0.468] ;  [[nan, nan], [nan, nan]] ;  [-0.186, -1.245];  [[nan, nan], [nan, nan]] 
('laptop', 'repair') ; [0.777, 0.455] ;  [[nan, nan], [nan, nan]] ;  [-1.198, -1.078];  [[nan, nan], [nan, nan]] 
('horse', 'hop_on') ; [-0.287, 0.017] ;  [[1.016, 0.033], [0.033, 0.001]] ;  [0.57, 0.152];  [[0.134, 0.062], [0.062, 0.029]] 
('bottle', 'inspect') ; [0.535, 0.647] ;  [[nan, nan], [nan, nan]] ;  [-1.459, -1.224];  [[nan, nan], [nan, nan]] 
('toaster', 'no_interaction') ; [0.755, 0.524] ;  [[nan, nan], [nan, nan]] ;  [-1.0, -1.242];  [[nan, nan], [nan, nan]] 
('remote', 'swing') ; [0.767, 0.266] ;  [[nan, nan], [nan, nan]] ;  [-1.475, -1.198];  [[nan, nan], [nan, nan]] 
('sheep', 'wash') ; [-0.25, 0.392] ;  [[nan, nan], [nan, nan]] ;  [0.466, -0.48];  [[nan, nan], [nan, nan]] 
('cat', 'wash') ; [-0.44, 0.643] ;  [[nan, nan], [nan, nan]] ;  [0.059, 0.724];  [[nan, nan], [nan, nan]] 
('tv', 'repair') ; [-1.28, -0.202] ;  [[nan, nan], [nan, nan]] ;  [0.264, 0.281];  [[nan, nan], [nan, nan]] 
('cat', 'dry') ; [-0.344, 0.087] ;  [[nan, nan], [nan, nan]] ;  [0.161, -0.309];  [[nan, nan], [nan, nan]] 
('tie', 'pull') ; [0.276, 0.0] ;  [[nan, nan], [nan, nan]] ;  [-0.918, -0.003];  [[nan, nan], [nan, nan]] 
('tie', 'no_interaction') ; [0.903, 0.573] ;  [[nan, nan], [nan, nan]] ;  [-1.466, -0.934];  [[nan, nan], [nan, nan]] 
('giraffe', 'kiss') ; [0.651, 0.228] ;  [[nan, nan], [nan, nan]] ;  [0.123, -0.306];  [[nan, nan], [nan, nan]] 
('teddy bear', 'kiss') ; [-0.809, -0.002] ;  [[nan, nan], [nan, nan]] ;  [0.05, 0.0];  [[nan, nan], [nan, nan]] 
('snowboard', 'adjust') ; [0.277, 0.01] ;  [[nan, nan], [nan, nan]] ;  [0.21, 0.462];  [[nan, nan], [nan, nan]] 
('elephant', 'no_interaction') ; [1.367, -0.426] ;  [[nan, nan], [nan, nan]] ;  [0.54, 0.115];  [[nan, nan], [nan, nan]] 
('train', 'wash') ; [-0.162, -0.814] ;  [[nan, nan], [nan, nan]] ;  [1.778, 0.617];  [[nan, nan], [nan, nan]] 
